0.0422862
0.0593675
0.0820925
0.0671155
0.0659562
0.0539335
0.0608503
0.069063
0.0579406
0.0710616
0.0659363
0.0632478
0.0719793
0.0784386
0.0749685
0.074508
0.0853618
0.0573315
0.0651481
0.0459467
0.0375605
0.0433719
0.0489416
0.0518339
0.0488093
0.0439311
0.0553641
0.056302
0.0479346
0.043124
0.0483635
0.0454034
0.0587075
0.0637206
0.0469273
0.0400043
0.0426799
0.0469384
0.0428634
0.0390722
0.0437063
0.0423241
0.0495107
0.0465357
0.0437732
0.0432073
0.0518247
0.0382054
0.0415426
0.0689808
0.0672061
0.0672946
0.0653419
0.0537023
0.0463147
0.0472775
0.0487898
0.0408745
0.0515307
0.0609668
0.0691462
0.0648218
0.0499169
0.0429249
0.038556
0.046146
0.0609191
0.0640671
0.0694709
0.0616225
0.0616148
0.0716636
0.0610601
0.0545724
0.0607729
0.0575106
0.0569808
0.0692921
0.0640764
0.0615206
0.0672859
0.0704148
0.0617002
0.075875
0.063782
0.0716423
0.0665965
0.0591483
0.0806342
0.0719001
0.0811727
0.0561324
0.0603817
0.0572322
0.0549934
0.0489745
0.0649933
0.0567961
0.0489403
0.0495733
0.0510297
0.0461944
0.0520412
0.0580087
0.0452605
0.0487461
0.0463155
0.0529337
0.0581262
0.0438242
0.034856
0.0368075
0.0320556
0.0278289
0.0351398
0.0404404
0.0337013
0.0344435
0.0319808
0.0449567
0.0304775
0.0375148
0.0375903
0.0349427
0.0399162
0.0322714
0.0353041
0.0380141
0.0385652
0.0443187
0.0352952
0.032335
0.0323145
0.0338832
0.0262608
0.0301934
0.0324074
0.0306054
0.0298811
0.0372371
0.0305417
0.0285595
0.0270909
0.0295882
0.0247842
0.0325353
0.0316828
0.0293923
0.0258916
0.031407
0.0236625
0.0318767
0.027199
0.027504
0.0261485
0.035357
0.032667
0.0480009
0.0804167
0.0808007
0.0837218
0.0418831
0.0387371
0.0416242
0.0494567
0.0425604
0.0412541
0.0372361
0.0437678
0.0420352
0.0445428
0.0339151
0.0409208
0.0383461
0.0389215
0.0433728
0.0342462
0.0389454
0.0447079
0.0395214
0.0332241
0.0372027
0.0325533
0.0481434
0.040573
0.0419876
0.0439382
0.0581865
0.0617416
0.0725883
0.0645577
0.0597252
0.0589791
0.0731259
0.0663292
0.0569907
0.0672843
0.0598407
0.0573615
0.0679008
0.0639434
0.0627026
0.0682271
0.0718726
0.0633429
0.0684425
0.0600247
0.0738043
0.0640059
0.0587559
0.0600723
0.0662655
0.0675824
0.0642739
0.0612648
0.0595534
0.0614958
0.0753706
0.07791
0.0731311
0.0722543
0.0679237
0.0669935
0.0685437
0.0622189
0.0818142
0.0851057
0.0716052
0.0690394
0.0597979
0.0637341
0.0617609
0.0648544
0.0613328
0.0556429
0.062887
0.0584057
0.0649765
0.0809464
0.0800364
0.0761294
0.0792736
0.0749147
0.0795221
0.0658145
0.0777596
0.0641545
0.0512428
0.0445707
0.0337912
0.0322669
0.0362365
0.0343078
0.0362222
0.0326811
0.0348146
0.0352859
0.0367904
0.0309785
0.0371671
0.0282551
0.0306613
0.0308518
0.0336573
0.0318774
0.0288472
0.0267927
0.0321906
0.0424335
0.0345903
0.0455266
0.0343415
0.032716
0.0511371
0.0345878
0.0315324
0.0301704
0.0316274
0.0326533
0.0342092
0.034483
0.0347256
0.0358687
0.0345812
0.0412859
0.045168
0.0298943
0.0289632
0.0299493
0.0354017
0.0322799
0.0353905
0.0422772
0.0564866
0.0834546
0.0760746
0.078192
0.0616372
0.044036
0.0545505
0.0430395
0.0631848
0.0747674
0.0687273
0.0720587
0.060674
0.0662982
0.0654246
0.0604045
0.067177
0.0650737
0.0648984
0.0677505
0.0618051
0.064192
0.0567652
0.0597843
0.0589562
0.0578078
0.0660272
0.0690263
0.0694849
0.0626513
0.078718
0.0772648
0.0465835
0.038101
0.0496017
0.0386909
0.0316306
0.0349994
0.0295166
0.0426329
0.0301449
0.045998
0.0442713
0.0362036
0.0475761
0.0406377
0.0313361
0.037726
0.0317953
0.0377507
0.0454242
0.0502335
0.0410702
0.0695329
0.0637353
0.0604578
0.0681826
0.0514722
0.041163
0.045236
0.0529538
0.0479922
0.0415561
0.0558702
0.050831
0.0420748
0.0458715
0.0531931
0.0613467
0.068074
0.0671946
0.0776887
0.055966
0.0444167
0.0377235
0.0591555
0.0694035
0.0574329
0.0524841
0.0564493
0.0762995
0.0826658
0.107708
0.117828
0.0809699
0.0982923
0.0897437
0.147586
0.0848731
0.101603
0.101078
0.0941646
0.0818117
0.0592296
0.0630399
0.0582026
0.0592294
0.0509857
0.0797711
0.0808712
0.0791788
0.0773122
0.0815159
0.0697163
0.0814799
0.079109
0.0751122
0.0995346
0.0766808
0.0852954
0.0862983
0.0852623
0.0591192
0.0530006
0.0468972
0.0443371
0.0499895
0.0436282
0.0527484
0.0510503
0.0608165
0.0573406
0.0586267
0.0472631
0.0566429
0.0573488
0.0670867
0.0739363
0.0745997
0.0702321
0.0828918
0.0508877
0.0510112
0.0443728
0.046704
0.0441007
0.0436767
0.0512378
0.0747697
0.0603467
0.0565841
0.067985
0.0426211
0.0353689
0.0337442
0.0406182
0.0390424
0.02477
0.0262517
0.0305478
0.0298672
0.0341167
0.0379168
0.0296828
0.0292627
0.0329571
0.040261
0.0326866
0.0473861
0.0352887
0.0358328
0.0316902
0.0284459
0.0409291
0.035135
0.0328104
0.03062
0.0461352
0.0405395
0.0459103
0.0457721
0.0370155
0.0459218
0.0505014
0.0401737
0.0510227
0.0546189
0.0602054
0.0546319
0.04568
0.0557608
0.0585537
0.0519634
0.0405603
0.0413561
0.056437
0.0679325
0.0728206
0.0814671
0.0553343
0.0699077
0.0851827
0.0825802
0.0665365
0.0753638
0.073018
0.0727942
0.0671855
0.0709079
0.0591259
0.0649269
0.0687454
0.0604692
0.0859075
0.0852409
0.0841894
0.0836666
0.0709945
0.0764275
0.0738813
0.0746438
0.0758084
0.0704356
0.0698011
0.0763332
0.0748549
0.0735789
0.0690198
0.0692688
0.077563
0.0768673
0.105281
0.0801114
0.083856
0.0812997
0.0794323
0.0754398
0.0665896
0.0708257
0.0798004
0.0682285
0.0694434
0.0844055
0.0822661
0.0939843
0.07257
0.0898767
0.0711753
0.0776623
0.0688723
0.0630052
0.0631896
0.0489917
0.0557018
0.0617217
0.0693917
0.0747306
0.0659224
0.0650213
0.0535158
0.0416328
0.0531861
0.0494111
0.0660505
0.102017
0.0915907
0.0733688
0.0681849
0.0575947
0.053813
0.0500885
0.0444571
0.0528007
0.0464452
0.0496821
0.0445578
0.0541818
0.0793041
0.0770097
0.0884741
0.0813168
0.0907323
0.0636687
0.0643358
0.0586633
0.0621392
0.0457218
0.0501813
0.0680719
0.055366
0.0562073
0.0465884
0.0527232
0.0655854
0.0663223
0.0697413
0.0755601
0.0724167
0.0826359
0.0721448
0.0573101
0.0524177
0.056995
0.0621511
0.0671087
0.0743966
0.0558719
0.0585388
0.0624863
0.0711125
0.0618599
0.0579803
0.064541
0.0593506
0.0572471
0.0686798
0.0624662
0.0614606
0.0673681
0.0607963
0.0804773
0.0662216
0.0630377
0.0717927
0.0615358
0.0803297
0.0708347
0.0780315
0.0642473
0.058312
0.0581645
0.0639735
0.060627
0.0569184
0.0572871
0.0526163
0.0560567
0.0396044
0.0329826
0.0441357
0.0455311
0.044087
0.0429321
0.0309594
0.0422711
0.0327006
0.0290641
0.0311177
0.0249981
0.0280248
0.0311626
0.0308614
0.0315017
0.0278039
0.0365386
0.0470029
0.0335453
0.0341557
0.0413377
0.0346827
0.0315652
0.0317355
0.0264766
0.0308803
0.0291635
0.0304695
0.0301406
0.0354946
0.0316428
0.0376273
0.0332204
0.0334867
0.0321142
0.0290569
0.0306831
0.027973
0.0277384
0.0305034
0.0301607
0.0310975
0.0292532
0.0300104
0.0299658
0.0272546
0.0331194
0.0423243
0.041541
0.0428194
0.041125
0.0505559
0.0272491
0.0393037
0.0406885
0.043556
0.053595
0.0424956
0.0353592
0.0539168
0.0452609
0.0286963
0.0332328
0.0326779
0.0316063
0.0369619
0.0366054
0.0425239
0.0451161
0.063254
0.0722493
0.0725947
0.0666207
0.0639831
0.0683727
0.0721341
0.0728457
0.0769371
0.058081
0.0553038
0.0597825
0.0525789
0.0649943
0.0601296
0.0782886
0.071844
0.0903725
0.0710347
0.0926964
0.0732244
0.0849074
0.0403126
0.0541114
0.0451003
0.0484103
0.0493227
0.0536853
0.0350464
0.0413403
0.0368944
0.0459105
0.0563887
0.0420309
0.0639333
0.0702176
0.0464566
0.0644952
0.0655653
0.048792
0.0588552
0.066633
0.0573312
0.0470345
0.0578962
0.0639446
0.0457497
0.0566805
0.0559109
0.0661386
0.0542257
0.060387
0.0955824
0.0917439
0.0939073
0.0443956
0.0543676
0.128283
0.0713631
0.0682482
0.0684501
0.105845
0.0845874
0.073612
0.0711407
0.0779671
0.062651
0.0643146
0.0651161
0.0953504
0.0776615
0.0490413
0.0635373
0.0877142
0.055645
0.0614009
0.0777499
0.0705733
0.0802
0.0798097
0.137754
0.10898
0.0801933
0.0899184
0.135297
0.115244
0.0725065
0.0961167
0.118996
0.0779126
0.0805948
0.134766
0.0715511
0.0722103
0.0935616
0.0612073
0.109122
0.10059
0.0938191
0.0737876
0.0642414
0.0703368
0.0948489
0.0952406
0.0971579
0.0779133
0.0701983
0.0767467
0.0672381
0.062819
0.0789638
0.0823209
0.0787214
0.0599122
0.0456263
0.0667329
0.0575473
0.057267
0.0519257
0.0636413
0.058512
0.0681202
0.0875663
0.0868635
0.0781939
0.0800889
0.0759446
0.0738211
0.0630211
0.0784436
0.068111
0.0698278
0.0380312
0.0352545
0.0399894
0.050507
0.0546606
0.0529944
0.0531813
0.0526355
0.0394776
0.0278501
0.0300329
0.0449214
0.0329103
0.0342106
0.0414326
0.0326348
0.029399
0.0284117
0.0323079
0.036576
0.0297445
0.0299161
0.0466602
0.0523311
0.0467095
0.0369386
0.0284224
0.0305333
0.0335107
0.0307328
0.0319642
0.0304203
0.0347621
0.0334446
0.036927
0.0471124
0.0421853
0.0401107
0.0467681
0.0577716
0.0508516
0.0465724
0.0553072
0.0756173
0.0911736
0.0884689
0.0868967
0.0742627
0.0501508
0.057816
0.0429788
0.0514967
0.0757855
0.0743456
0.0545774
0.0627608
0.0602765
0.0490178
0.0448045
0.0549163
0.0471715
0.0523653
0.0607212
0.0624145
0.0705891
0.0720502
0.0857387
0.0827615
0.0983174
0.0885834
0.0943441
0.0959061
0.0895839
0.084312
0.090787
0.0753779
0.0895591
0.070575
0.0811879
0.0820687
0.070645
0.0928147
0.103825
0.112621
0.0956419
0.10912
0.096372
0.10493
0.0987775
0.107461
0.0859062
0.116473
0.0953708
0.10518
0.113717
0.0981135
0.0852592
0.0750543
0.0949935
0.0887655
0.0949324
0.0905533
0.0823497
0.101409
0.0837654
0.0688504
0.0903366
0.0876684
0.0913104
0.0824027
0.0827066
0.104222
0.111714
0.120866
0.100619
0.0937347
0.0952022
0.0887947
0.0917277
0.0874988
0.0830678
0.096849
0.104378
0.129038
0.142911
0.1164
0.136328
0.115609
0.123431
0.108017
0.113338
0.105815
0.122377
0.104144
0.092626
0.105537
0.117729
0.110246
0.104238
0.078881
0.0539886
0.0562765
0.0577826
0.05414
0.0696719
0.0528956
0.0602734
0.0511279
0.0476292
0.0511452
0.0549745
0.0518015
0.0490584
0.0644975
0.0744538
0.0532464
0.0560363
0.0444341
0.0569331
0.0474475
0.0446062
0.0493243
0.0517032
0.0654223
0.0636694
0.0690955
0.0701721
0.0516292
0.0482171
0.0545223
0.0591045
0.0441287
0.0507797
0.0502777
0.0770887
0.0726977
0.101138
0.0567582
0.0611269
0.0582701
0.0478395
0.0478266
0.0501139
0.04438
0.0712229
0.0668586
0.0696491
0.0700494
0.0648919
0.0573923
0.0626456
0.061669
0.0618918
0.0637502
0.0764432
0.0663267
0.062985
0.0908397
0.10909
0.115995
0.0914344
0.137713
0.0985859
0.0825851
0.0939412
0.0925081
0.100354
0.0857283
0.0998094
0.0758352
0.0772502
0.0861293
0.0957973
0.0923436
0.0889395
0.103782
0.0870448
0.0856734
0.109808
0.0908196
0.11583
0.104024
0.107217
0.11306
0.121561
0.100537
0.10125
0.10051
0.103704
0.0949776
0.0986819
0.0723359
0.0700499
0.058907
0.0683359
0.0709961
0.0650901
0.0667034
0.0698417
0.0774468
0.0645027
0.0720598
0.06452
0.0512039
0.0603868
0.0587241
0.0571261
0.0525467
0.0532253
0.0755701
0.0623008
0.0612516
0.0892355
0.0970009
0.111275
0.0617026
0.0521627
0.0497231
0.069511
0.0925083
0.115578
0.0857456
0.0716864
0.0953119
0.0667728
0.0713616
0.08209
0.0720849
0.0604893
0.0741008
0.0578506
0.0651349
0.0967093
0.0859728
0.0778237
0.084597
0.0543021
0.0528919
0.0689107
0.0588336
0.0927113
0.0810789
0.113205
0.135041
0.141486
0.0872295
0.0691654
0.0736176
0.0742265
0.065513
0.111342
0.0849589
0.0909157
0.121823
0.12528
0.131242
0.125172
0.118064
0.0888347
0.080644
0.0957926
0.112536
0.132197
0.103626
0.132113
0.164514
0.0997269
0.117476
0.158655
0.127345
0.113462
0.127949
0.151376
0.11117
0.123762
0.134238
0.106874
0.123524
0.152893
0.118306
0.124559
0.150643
0.0786891
0.0941595
0.0753094
0.0587321
0.0460984
0.0353146
0.0377257
0.0335876
0.0454574
0.0419776
0.032778
0.0363797
0.0374577
0.0393889
0.0348109
0.0318895
0.0331578
0.0326193
0.0433738
0.0410264
0.037067
0.0339451
0.0333091
0.0345099
0.0711853
0.0489541
0.0523543
0.053017
0.0825871
0.0469463
0.0466891
0.0491213
0.0531937
0.0526169
0.0443638
0.0556144
0.0702394
0.064731
0.0698749
0.0663839
0.0632353
0.0382519
0.0417417
0.0484687
0.0336355
0.0331744
0.0345745
0.0400167
0.0416052
0.0380016
0.0379953
0.0365644
0.0367882
0.0360293
0.0421658
0.0343518
0.0375988
0.0347773
0.0363939
0.0397485
0.0353292
0.0400304
0.0298721
0.0376879
0.0534175
0.0584507
0.0442308
0.0432192
0.0915242
0.123042
0.103708
0.0820775
0.103669
0.105176
0.105757
0.10614
0.101772
0.119406
0.169622
0.0986332
0.0840979
0.0707193
0.0728171
0.0567791
0.0642095
0.0565223
0.0455958
0.0482691
0.0672259
0.0582839
0.0510703
0.0444463
0.0587232
0.0583504
0.0567735
0.0565264
0.0800717
0.0569227
0.0631309
0.0576174
0.0514281
0.0591136
0.0734017
0.052162
0.0444496
0.0442264
0.0630545
0.0584709
0.0487921
0.0677845
0.158061
0.118944
0.0713064
0.0701201
0.0771764
0.0914749
0.0923052
0.0931239
0.0993557
0.110317
0.130533
0.12182
0.0843538
0.0908325
0.0973916
0.0855354
0.112863
0.0616886
0.0613743
0.0753861
0.088168
0.124831
0.134154
0.122902
0.120143
0.125768
0.112883
0.10794
0.102459
0.105721
0.0988093
0.107669
0.0936098
0.0960439
0.108515
0.126276
0.119325
0.107257
0.106897
0.100174
0.115009
0.0986976
0.102085
0.101657
0.108025
0.116074
0.09771
0.0985107
0.122424
0.113661
0.101544
0.10358
0.0934135
0.0996349
0.100495
0.100896
0.0831727
0.0992585
0.135086
0.104482
0.094612
0.0708986
0.0796854
0.0645682
0.0984153
0.0647912
0.0709002
0.0832821
0.0771059
0.0822351
0.0679681
0.0703473
0.0888473
0.118329
0.0662177
0.0639447
0.0847893
0.0835006
0.0655352
0.0894497
0.0724572
0.0617582
0.068257
0.0623807
0.0766924
0.104972
0.122517
0.121291
0.0507435
0.0660025
0.0511637
0.0436308
0.0618113
0.0734967
0.0310572
0.0517113
0.0596275
0.0420894
0.0390472
0.0421575
0.0356488
0.0452368
0.121536
0.0634936
0.08432
0.0893231
0.086846
0.0919299
0.0762119
0.0776031
0.0739526
0.0688372
0.074294
0.0764364
0.0668272
0.0560564
0.0770375
0.0840111
0.0956088
0.10407
0.0860251
0.0899761
0.0940336
0.128077
0.094157
0.081847
0.105346
0.101232
0.128601
0.0937349
0.102216
0.136266
0.0776665
0.0860606
0.13203
0.0845099
0.102649
0.093576
0.118227
0.10249
0.132655
0.105627
0.0868781
0.0958382
0.117622
0.0922613
0.107072
0.137348
0.0843319
0.100212
0.0825791
0.0684532
0.089355
0.0852769
0.0765538
0.119837
0.114431
0.0793542
0.104836
0.0969931
0.0950317
0.0739331
0.0944538
0.102295
0.0857062
0.0919102
0.10326
0.0863158
0.065122
0.0507165
0.0568242
0.0494363
0.0840121
0.0690921
0.0616849
0.0907045
0.065493
0.063494
0.0622159
0.0756228
0.0452012
0.0571654
0.0630198
0.0923669
0.0420873
0.0612547
0.047753
0.0346101
0.0458389
0.0500498
0.0371374
0.0553398
0.0412988
0.0367918
0.044238
0.0537252
0.0422693
0.0407938
0.0503111
0.0421253
0.070213
0.0857297
0.0630724
0.0620648
0.0682919
0.0503292
0.0341926
0.0632862
0.0460155
0.0512854
0.0488153
0.079934
0.0514031
0.0239452
0.0266601
0.0409332
0.0263852
0.0274549
0.0345154
0.0303052
0.029562
0.0353144
0.0197465
0.0320684
0.0296912
0.0394361
0.0303842
0.0562333
0.0943134
0.062317
0.0576285
0.0610839
0.081354
0.0419874
0.0496237
0.0472841
0.10992
0.0803167
0.0596774
0.0881341
0.10062
0.0549985
0.0692757
0.0643026
0.109161
0.0671946
0.0571813
0.0880788
0.171133
0.0984387
0.0818794
0.0805551
0.102816
0.0602547
0.0872011
0.0962789
0.0732992
0.0610086
0.0768478
0.101695
0.0584837
0.0700654
0.103528
0.161685
0.0737072
0.084697
0.0882166
0.159618
0.108981
0.0724176
0.0844602
0.0853474
0.09893
0.0743998
0.10305
0.0912585
0.093943
0.103797
0.154832
0.106858
0.0995029
0.0936976
0.100638
0.108955
0.100886
0.140138
0.0994403
0.0883057
0.0925929
0.16483
0.151196
0.0961228
0.100984
0.167678
0.134669
0.0887665
0.112994
0.164401
0.143203
0.118641
0.10284
0.140245
0.109443
0.14151
0.116603
0.144562
0.0925619
0.0898596
0.130653
0.0863612
0.081666
0.111953
0.0955233
0.065194
0.0825868
0.103204
0.0902061
0.0853146
0.0796089
0.0791863
0.0701817
0.0987348
0.0853713
0.0814244
0.0889264
0.0641504
0.0585664
0.0639445
0.0618322
0.0651177
0.0775235
0.0548462
0.0710993
0.0774425
0.058231
0.0589365
0.0574968
0.0494881
0.051898
0.0554351
0.049003
0.0353687
0.0319803
0.0253826
0.0342886
0.0573988
0.0355795
0.0305505
0.0380972
0.0302774
0.0245462
0.0347587
0.0411933
0.0293998
0.0353054
0.0429231
0.0432951
0.0367064
0.0374841
0.0337475
0.0356122
0.05468
0.0486458
0.05519
0.0673648
0.0490478
0.02618
0.0252042
0.0229531
0.0256393
0.0265169
0.0296613
0.023496
0.0228946
0.0197922
0.0169258
0.0206878
0.0192764
0.0210898
0.0244539
0.026923
0.0206826
0.0228704
0.0172499
0.0167817
0.0195549
0.0233939
0.0190827
0.0311286
0.0231427
0.0200963
0.0245291
0.0182603
0.0185718
0.026805
0.0207709
0.0333961
0.0452637
0.0319479
0.0333915
0.0491744
0.0323791
0.0255397
0.0250776
0.017356
0.0175708
0.0217976
0.0172262
0.0203571
0.0225624
0.103238
0.0195407
0.0175915
0.0361595
0.0620256
0.0413647
0.0392139
0.0618765
0.0708253
0.0463264
0.050605
0.0484681
0.0711458
0.0643569
0.0569944
0.0561246
0.0466494
0.0372191
0.033398
0.0355093
0.0405144
0.0372491
0.0437907
0.0471118
0.0639569
0.0403071
0.0361047
0.0581136
0.0508246
0.0580465
0.0389999
0.0422573
0.0442149
0.0457834
0.0320089
0.0494093
0.0316901
0.0326927
0.0435976
0.0391311
0.0408345
0.0323715
0.0491504
0.0445135
0.0412422
0.0448523
0.0427714
0.0286711
0.0242765
0.0211768
0.0246852
0.0309056
0.0197786
0.0341653
0.0304284
0.0226437
0.0227647
0.0426889
0.0310794
0.0372671
0.0349329
0.0360196
0.0393132
0.0332829
0.0297563
0.0336058
0.0230693
0.0261541
0.0355825
0.0318505
0.0261719
0.0281174
0.0263314
0.0226115
0.0293263
0.0238083
0.0265153
0.0204332
0.029138
0.0224148
0.0242543
0.029201
0.0286587
0.0300911
0.0334749
0.0283499
0.0241206
0.0232
0.0293171
0.0228201
0.0411349
0.0214549
0.0297007
0.0255459
0.0339146
0.0309394
0.0298804
0.0273017
0.0242416
0.0316231
0.0353093
0.0285192
0.0599091
0.0535907
0.0545184
0.0696756
0.0472789
0.0253278
0.035873
0.0460944
0.0508131
0.0442248
0.0339303
0.0291643
0.0293709
0.0375472
0.0326581
0.0327799
0.0346689
0.0394514
0.0296892
0.0335549
0.0391206
0.0351942
0.0345892
0.0410485
0.0715793
0.0587826
0.0636351
0.0512767
0.0441086
0.0525072
0.0518266
0.0561276
0.0379893
0.0476125
0.0528692
0.0476595
0.0403674
0.0393391
0.0434689
0.0472343
0.0607987
0.045644
0.0394676
0.0521706
0.057624
0.0452419
0.0653652
0.0545976
0.0584205
0.0476554
0.0350018
0.0557953
0.0619278
0.052985
0.0655768
0.0452887
0.059215
0.0490883
0.0444478
0.0470938
0.0444996
0.0353023
0.0429145
0.0374146
0.0378425
0.0434224
0.0372184
0.0468787
0.0473744
0.0465475
0.0449181
0.0538715
0.0554417
0.0521785
0.0546818
0.0573745
0.05155
0.0577104
0.0421616
0.0635993
0.0638811
0.0543315
0.0480464
0.0332024
0.0443078
0.037114
0.0398069
0.0300375
0.0325013
0.0318575
0.0376708
0.029525
0.0294209
0.0326152
0.0301228
0.0402038
0.0267181
0.0337922
0.040456
0.0401308
0.0536442
0.0396122
0.0395114
0.0415992
0.0541715
0.0445471
0.0578014
0.0490788
0.0358406
0.0391407
0.0338199
0.037239
0.0304487
0.0369375
0.0426356
0.0396726
0.031906
0.0544749
0.0340755
0.0406987
0.0274473
0.045911
0.0469883
0.0304698
0.0435888
0.0441789
0.0261796
0.026106
0.0241574
0.023924
0.0326228
0.0282321
0.0229015
0.0284844
0.0334721
0.0279786
0.0419033
0.0428639
0.0472323
0.0247017
0.0236994
0.025145
0.0338448
0.0460443
0.0525727
0.0708727
0.0396275
0.0298823
0.0344023
0.0438602
0.0376817
0.0397497
0.0415058
0.0396151
0.0421413
0.0389452
0.0470269
0.0448961
0.0418793
0.0459309
0.0479097
0.0415617
0.0452898
0.0551194
0.0481253
0.0606012
0.044122
0.0216332
0.0254493
0.0294522
0.0383293
0.0373183
0.0397846
0.0439755
0.0493174
0.0544969
0.0476656
0.0630559
0.0592196
0.0410365
0.0624612
0.0560783
0.0622557
0.0518853
0.0422485
0.0692697
0.0716119
0.0557222
0.0496226
0.0428885
0.04963
0.0459808
0.0583973
0.0461688
0.0400591
0.0423808
0.052524
0.0558125
0.0494058
0.0494371
0.0472699
0.0470578
0.0441757
0.0393095
0.0416717
0.0395993
0.0339839
0.043441
0.0459745
0.0459086
0.0426999
0.0405252
0.0470774
0.0497554
0.0459881
0.0518942
0.044787
0.0391603
0.0550205
0.0484882
0.0401458
0.036274
0.0500697
0.0437024
0.0442772
0.0377863
0.0587619
0.0410933
0.0454189
0.0606593
0.0460984
0.0458881
0.0461125
0.0462332
0.0533784
0.0522542
0.0473801
0.0467962
0.0623873
0.0350743
0.0407113
0.0513629
0.0459773
0.0554098
0.0543105
0.0394795
0.056001
0.05829
0.056924
0.052881
0.0485476
0.0578757
0.0453721
0.0430958
0.0425364
0.0395261
0.0392493
0.0662241
0.0508883
0.0586739
0.051111
0.0534779
0.0431835
0.0489557
0.0519604
0.0552003
0.0455417
0.0530915
0.0500948
0.056138
0.0652355
0.0520957
0.0432363
0.0451196
0.0503692
0.0483514
0.0535726
0.055546
0.0564589
0.039017
0.0570874
0.0560135
0.0432627
0.0445809
0.0518514
0.0546723
0.0483616
0.0535282
0.0568226
0.0478766
0.0533375
0.0635581
0.044578
0.0462659
0.049281
0.0533677
0.0415875
0.0531154
0.0451821
0.0455786
0.0634703
0.0519228
0.0499581
0.0455152
0.0599581
0.0471837
0.0508321
0.049767
0.0551194
0.0587544
0.0445703
0.0544435
0.0433887
0.0488393
0.0539458
0.0533171
0.0471968
0.0531279
0.0562893
0.0465657
0.0480129
0.0532276
0.0572876
0.0483542
0.0482953
0.0519854
0.0537227
0.0608052
0.0507096
0.0496485
0.0469721
0.0578037
0.0532149
0.0441019
0.0548564
0.0436477
0.0499212
0.0434437
0.0533131
0.046154
0.0456277
0.0591145
0.0570121
0.0592864
0.0542111
0.0539938
0.0531286
0.0509573
0.0531771
0.0634211
0.0462427
0.0513607
0.0605695
0.05634
0.0564388
0.0667681
0.0424711
0.048849
0.0800224
0.0527956
0.0574391
0.0575924
0.0565472
0.0589697
0.0632251
0.0607341
0.0562663
0.0607805
0.0501317
0.0456668
0.0503892
0.0623322
0.0649868
0.0625497
0.0603103
0.0642237
0.0597975
0.073888
0.0509191
0.0557142
0.0584655
0.0503479
0.0356199
0.0375131
0.0441098
0.0454161
0.034992
0.0370895
0.0309317
0.0465999
0.0379347
0.0360937
0.0279687
0.0490445
0.0461874
0.0411414
0.0456187
0.0468713
0.0339555
0.0387453
0.0348845
0.0309293
0.0392932
0.0325174
0.0284913
0.0311701
0.0242768
0.0310871
0.0243768
0.0252399
0.0247058
0.0253201
0.0228284
0.0235587
0.0275844
0.0204514
0.0179956
0.0159336
0.0157215
0.0161116
0.0244926
0.0181652
0.0180363
0.0197147
0.01504
0.0203672
0.0174178
0.0174554
0.0205231
0.0213578
0.0167319
0.0296834
0.0238115
0.0274856
0.0230118
0.0302221
0.0316981
0.0293456
0.0177062
0.0195362
0.0162289
0.018611
0.0169119
0.0145984
0.0160755
0.01398
0.0174246
0.0194255
0.0158393
0.0227174
0.0187273
0.0147557
0.0146619
0.0186101
0.017778
0.0162124
0.0202951
0.0209961
0.0230341
0.0155998
0.0193264
0.0187659
0.0175452
0.0161002
0.018342
0.0208992
0.0309079
0.0321398
0.0322193
0.0335808
0.028332
0.025859
0.026512
0.025136
0.0323455
0.0454028
0.0527321
0.0533088
0.0604291
0.0398524
0.0210531
0.0281036
0.0290057
0.0312123
0.0312225
0.0296211
0.0368597
0.0268023
0.029044
0.0182177
0.0208057
0.0185519
0.0153955
0.0151013
0.0140775
0.0307281
0.0323328
0.0338759
0.0329477
0.0328946
0.0375072
0.0280907
0.047994
0.0432051
0.0316359
0.0384056
0.0344359
0.0416675
0.0387949
0.0333393
0.03846
0.0434989
0.0380668
0.0369383
0.033494
0.041166
0.0400491
0.0361994
0.028601
0.0401195
0.0341325
0.042214
0.0358418
0.0363659
0.0380969
0.0399531
0.0365944
0.0411655
0.0350778
0.0454074
0.0428243
0.0464692
0.0361587
0.0376636
0.0433695
0.0310387
0.0326141
0.0449495
0.0295886
0.0526483
0.0334402
0.0338361
0.0390656
0.0355849
0.050291
0.0532523
0.0563825
0.0585429
0.0694747
0.0554727
0.0498589
0.0580758
0.0570126
0.054403
0.0614003
0.0514323
0.0389523
0.0478118
0.0630026
0.0587613
0.050658
0.0695284
0.0477615
0.0491219
0.0587623
0.0485787
0.0636645
0.0621436
0.057626
0.060489
0.0562394
0.0604268
0.053274
0.0529509
0.0562498
0.0416545
0.0468334
0.0480397
0.0491241
0.0512417
0.0578442
0.0692085
0.0547934
0.0608484
0.0514847
0.0527423
0.0407807
0.0611231
0.064652
0.0486011
0.055114
0.0503858
0.0511245
0.0400731
0.0492085
0.053713
0.0507708
0.052306
0.0541258
0.0540334
0.0382717
0.0806381
0.0530419
0.0524765
0.0428046
0.0457289
0.043825
0.0501538
0.0496792
0.0597462
0.0549758
0.0575242
0.0622213
0.0513119
0.042766
0.0545812
0.0478755
0.0604795
0.0660198
0.0401567
0.0418979
0.0500375
0.0366991
0.0431788
0.03368
0.0559282
0.0403669
0.0402604
0.0477338
0.0543319
0.0484629
0.0386346
0.0453777
0.047656
0.0447245
0.0440052
0.0494351
0.0522836
0.0447494
0.0475648
0.0477702
0.0564252
0.0467628
0.0329851
0.04187
0.0396175
0.0419815
0.0421258
0.0470243
0.0412614
0.0567317
0.0534751
0.05358
0.06048
0.0447587
0.0473551
0.0485406
0.0382205
0.0388943
0.073454
0.0852278
0.0458382
0.0501061
0.0447687
0.0613382
0.0658735
0.0509817
0.0411253
0.0445459
0.0542562
0.0563712
0.0372722
0.0494408
0.0578539
0.0448209
0.0599192
0.0552521
0.0625309
0.0450878
0.0463971
0.0695382
0.05813
0.0604369
0.0470893
0.0497451
0.0665273
0.0533628
0.0575766
0.0554845
0.0502681
0.0626649
0.0505431
0.0528849
0.0533216
0.0509568
0.0339847
0.0331503
0.0448472
0.0381973
0.0352304
0.0445778
0.0416401
0.056049
0.0525944
0.047616
0.0467067
0.04571
0.0351099
0.0622875
0.0608477
0.0403283
0.042407
0.0357072
0.0414799
0.0544583
0.0447317
0.0553801
0.0412481
0.0485338
0.0458648
0.0402506
0.0711469
0.0416341
0.04721
0.043305
0.0581937
0.0547862
0.0573226
0.0451454
0.0493919
0.0565401
0.0552486
0.0463301
0.0498757
0.0428555
0.0317961
0.0486263
0.0402804
0.0368999
0.0423806
0.0427217
0.0543949
0.0558111
0.0443601
0.0547394
0.0552232
0.0383624
0.0487403
0.0434048
0.038507
0.032874
0.0308548
0.0383855
0.0266619
0.0341976
0.0381723
0.0322339
0.0230934
0.0371861
0.0329517
0.0409421
0.03001
0.0301787
0.0355763
0.0326188
0.0322559
0.0318095
0.0329528
0.0360842
0.0441287
0.0307191
0.031995
0.0258837
0.0297518
0.0363363
0.0288942
0.0239092
0.0343671
0.034514
0.0395025
0.0277854
0.0428264
0.0359299
0.0281993
0.0409832
0.0369931
0.0330581
0.0395597
0.0340158
0.0344263
0.0448903
0.028506
0.0292485
0.0345429
0.0501951
0.0595824
0.0663287
0.0639966
0.047116
0.0354934
0.0359764
0.030807
0.0357458
0.0266877
0.0310559
0.0278095
0.0274277
0.0261086
0.0282644
0.0225726
0.0353344
0.0276294
0.0338206
0.0306605
0.0403141
0.0485473
0.0377899
0.037339
0.0296758
0.0432751
0.0288675
0.0494847
0.0373086
0.0274381
0.0347749
0.0285669
0.0463525
0.0442696
0.0532293
0.0486102
0.0507859
0.0407051
0.0561125
0.0490769
0.043261
0.0525173
0.055973
0.0494028
0.0435412
0.0385404
0.0617929
0.0508487
0.0443798
0.0758022
0.0434983
0.0429153
0.0411988
0.0496097
0.0548877
0.0543037
0.0437009
0.0707696
0.0544823
0.0463875
0.0547028
0.0520043
0.042977
0.0538964
0.0571315
0.0519237
0.0395205
0.0483328
0.0592289
0.0611424
0.0411911
0.0509584
0.0586601
0.0628725
0.0620961
0.0404108
0.0540075
0.0372126
0.0625467
0.0617951
0.0508733
0.051564
0.054154
0.0578201
0.0502427
0.0514001
0.0465917
0.057996
0.0572857
0.0368201
0.0446577
0.0575806
0.0515081
0.0478636
0.0627226
0.0594409
0.0432311
0.045726
0.0552629
0.0685807
0.0481899
0.0580942
0.0497439
0.0633897
0.0506362
0.0505206
0.0625612
0.0415048
0.0518976
0.0555573
0.0400389
0.0681065
0.0696402
0.0550274
0.0596581
0.038131
0.0321539
0.0468384
0.0374662
0.0277381
0.0364721
0.0321689
0.046184
0.0431006
0.0458003
0.0374183
0.066185
0.0309732
0.0384915
0.0354496
0.0352708
0.0419183
0.0442824
0.0338066
0.0343868
0.0404207
0.0281768
0.0402494
0.0485175
0.037567
0.0457106
0.0412731
0.0340154
0.0315894
0.0417697
0.0411315
0.0289121
0.0313455
0.0565879
0.0437204
0.0492107
0.0292859
0.0472918
0.0558615
0.0407778
0.0328551
0.0244491
0.0258554
0.0366541
0.0362909
0.031604
0.0290202
0.0288495
0.023124
0.0230203
0.0238983
0.0339021
0.0206485
0.0226629
0.0261632
0.0219602
0.0288246
0.0324168
0.0253035
0.0220669
0.0275132
0.0238916
0.0253006
0.0245119
0.023907
0.0251561
0.0323482
0.0261005
0.0358401
0.0387882
0.0363398
0.0356974
0.0303863
0.0315632
0.0327272
0.0300078
0.0260992
0.0277223
0.0218513
0.0308549
0.0287131
0.0261791
0.0220533
0.0195192
0.0244928
0.0231946
0.0236241
0.0273108
0.0330569
0.023994
0.0218052
0.0248976
0.0197905
0.0254147
0.0249517
0.0330309
0.0426781
0.0311212
0.0289757
0.0350471
0.0298508
0.028098
0.0284284
0.033048
0.0350871
0.0278331
0.0304846
0.0293423
0.0246554
0.025458
0.0220086
0.032413
0.0320229
0.0322668
0.0361486
0.0368396
0.0429899
0.0455296
0.0371144
0.045256
0.0524869
0.0555543
0.0417511
0.054121
0.0358999
0.0471471
0.0361382
0.0364272
0.0462359
0.0455033
0.0497674
0.0392734
0.0430527
0.0550587
0.036584
0.047931
0.0364274
0.0535092
0.0443396
0.0585143
0.058245
0.050476
0.0455052
0.0414383
0.0459175
0.0551539
0.0505726
0.060472
0.0636522
0.0450641
0.0569522
0.0434635
0.0526313
0.0419859
0.0712138
0.0544139
0.0488768
0.0437065
0.0474887
0.0551479
0.0448585
0.0497
0.052726
0.0411564
0.0226502
0.0344859
0.0361833
0.0395651
0.0306506
0.0206121
0.0261316
0.0415068
0.0321797
0.0304224
0.030576
0.0342243
0.0510978
0.036348
0.0287144
0.026166
0.0279785
0.0357748
0.0384054
0.0292824
0.026596
0.0308484
0.0279361
0.0375903
0.0414018
0.0318576
0.0335314
0.0340871
0.027486
0.0358075
0.0219975
0.0324039
0.0246011
0.0279946
0.0302565
0.0309069
0.0319515
0.0308201
0.0314559
0.0308452
0.0201903
0.0267005
0.0206373
0.0217977
0.0234575
0.0231286
0.0298891
0.0376149
0.0284731
0.0361726
0.0269128
0.0330007
0.0436467
0.0244637
0.0224412
0.0273434
0.0257708
0.0262161
0.0206542
0.0266998
0.0217685
0.0224266
0.0271697
0.0263893
0.0282394
0.0291863
0.0215699
0.0219249
0.0186654
0.0254828
0.0343414
0.030426
0.0318505
0.0294258
0.0262027
0.02376
0.0285908
0.0218689
0.0318439
0.021249
0.0293949
0.0182834
0.0257712
0.0307255
0.0544703
0.0343064
0.0442922
0.0267334
0.0392881
0.0455508
0.0319549
0.0391046
0.0296866
0.0534198
0.0659188
0.0634163
0.0444685
0.0522647
0.0411267
0.0317844
0.0398816
0.0328558
0.0289963
0.0516809
0.0271129
0.0401583
0.0726676
0.0555712
0.0425025
0.0516887
0.0737226
0.0421339
0.0518706
0.0711991
0.05785
0.0658394
0.0620859
0.0480287
0.0572362
0.0530533
0.0484347
0.048629
0.0501189
0.0668398
0.0446317
0.0629074
0.0495844
0.0619317
0.0696329
0.0458514
0.0662412
0.0933501
0.0543851
0.0540333
0.0477088
0.0532117
0.0617478
0.0707135
0.0445783
0.0577524
0.0422612
0.039698
0.047944
0.0474495
0.0591935
0.0343047
0.0343079
0.0551267
0.0496159
0.0508771
0.035876
0.043945
0.0542833
0.0621304
0.0594762
0.037157
0.0401286
0.0535572
0.0660871
0.0477734
0.0472381
0.0593517
0.0423387
0.0447533
0.0490665
0.0524024
0.0471721
0.051615
0.0479081
0.0522575
0.0374666
0.0581951
0.05224
0.0499255
0.0578688
0.038509
0.0447829
0.0609768
0.0410318
0.0512951
0.0828787
0.0486615
0.0596327
0.0578762
0.0536493
0.0488283
0.0414196
0.0470472
0.0369955
0.0397605
0.0581297
0.0439237
0.0415918
0.0624077
0.047392
0.0417278
0.0399575
0.051233
0.0364788
0.0472278
0.0390294
0.0527716
0.0381972
0.0501155
0.0294639
0.0409942
0.0420872
0.0444022
0.0504053
0.0531559
0.0457894
0.0450694
0.0604775
0.0387627
0.046536
0.0443882
0.0441641
0.0450526
0.0483383
0.0424128
0.0515492
0.0583058
0.0532813
0.0665381
0.0625829
0.0411903
0.0647836
0.0411875
0.0504929
0.0443461
0.0472082
0.0560983
0.0360049
0.0424889
0.0799451
0.0543134
0.0401069
0.042369
0.0670818
0.057572
0.0421156
0.0544826
0.0515993
0.0665907
0.0505769
0.0619274
0.0482034
0.042043
0.0359532
0.0265084
0.0479458
0.0364697
0.0338098
0.0289154
0.0372267
0.0408171
0.0300962
0.0365703
0.0371594
0.0354719
0.0548497
0.032187
0.031782
0.0370498
0.0373844
0.0371449
0.0383104
0.0443389
0.0323942
0.0393571
0.0551596
0.0326697
0.0445877
0.0395944
0.0449834
0.0423725
0.0420879
0.0542304
0.0478142
0.0446987
0.0395341
0.0375287
0.0420127
0.0536664
0.0408298
0.0672225
0.0546744
0.0726104
0.06872
0.0482124
0.0367452
0.0379482
0.0462351
0.0394137
0.0317408
0.063971
0.0645744
0.055864
0.050502
0.0611675
0.0561005
0.0653262
0.0811561
0.0675394
0.055604
0.0493151
0.0452583
0.0467073
0.0466542
0.0555194
0.0658264
0.0526172
0.0465652
0.0543487
0.0465488
0.0597764
0.0422971
0.0662658
0.0725975
0.0532458
0.0496611
0.0563691
0.0523135
0.0412243
0.0509257
0.0384439
0.0450361
0.0523624
0.0632349
0.0471156
0.096314
0.0640177
0.0520519
0.0608096
0.0582421
0.0613282
0.0590021
0.0419615
0.0412513
0.047915
0.0526037
0.0463085
0.0422836
0.0634452
0.0587859
0.0450526
0.0476469
0.0618831
0.0590138
0.0557475
0.0492738
0.0517676
0.0553781
0.0605156
0.0508985
0.0541869
0.0608434
0.0590247
0.0502027
0.0485627
0.0487283
0.061135
0.0740766
0.0495274
0.0549085
0.0420611
0.0520797
0.0720477
0.055743
0.057681
0.0694845
0.0680043
0.0449321
0.047445
0.0733606
0.0490333
0.0508177
0.0612639
0.0550896
0.0513005
0.0718158
0.054429
0.0587688
0.0689766
0.0612815
0.0845255
0.0777655
0.0765225
0.0578099
0.0611333
0.0718159
0.0642764
0.050888
0.0555465
0.0616998
0.050681
0.0469515
0.0428831
0.0396714
0.0441326
0.05517
0.0594541
0.0439931
0.0615233
0.04291
0.0399003
0.052135
0.055486
0.0383461
0.0341252
0.0658761
0.0555963
0.038413
0.0657644
0.0530634
0.0476537
0.0528665
0.040401
0.0516228
0.0494897
0.0562491
0.0442235
0.0667721
0.0387748
0.0339852
0.0609466
0.0589831
0.0600701
0.0391575
0.0688005
0.0520785
0.0616052
0.0475139
0.0586564
0.0663921
0.0647952
0.0385017
0.0498396
0.0299553
0.0378921
0.0382496
0.0334448
0.0228936
0.0244306
0.0439117
0.0313751
0.0294305
0.0336287
0.0337271
0.0237478
0.0287135
0.0328313
0.0291812
0.0292374
0.0367787
0.0381986
0.0438322
0.032142
0.0355128
0.0372454
0.0409469
0.0428216
0.0360381
0.0379599
0.0359157
0.0353227
0.0463729
0.0354211
0.0310804
0.0360076
0.0392228
0.0451751
0.0447456
0.0401939
0.0398234
0.0390806
0.0377631
0.0522824
0.0458252
0.0527425
0.0688113
0.0568746
0.0587556
0.0495462
0.0390492
0.0580083
0.0403926
0.0525347
0.0334479
0.0418452
0.0523391
0.0597141
0.0327473
0.0435014
0.0454464
0.0511861
0.0420299
0.0288128
0.0492532
0.0416612
0.0310167
0.042637
0.0617113
0.0491451
0.0437998
0.057603
0.0430068
0.0212778
0.0278137
0.0236268
0.0216264
0.0241097
0.0235797
0.0387799
0.0273176
0.037511
0.02625
0.0303102
0.0286591
0.032066
0.023608
0.024461
0.0211691
0.0283269
0.0248046
0.0385345
0.0331858
0.0322099
0.0220861
0.0246034
0.0337563
0.0340691
0.0283063
0.0341392
0.0280592
0.0218048
0.0306557
0.0325307
0.0331972
0.0286654
0.0235938
0.0250824
0.0275864
0.020975
0.0322922
0.0263406
0.0276129
0.0291174
0.0278224
0.0338688
0.0375299
0.0252817
0.0244839
0.0256465
0.023569
0.0324561
0.0198417
0.0399691
0.0203829
0.0316462
0.0261116
0.0343157
0.0279748
0.0536244
0.0366928
0.042765
0.0426313
0.0373699
0.0379061
0.0312954
0.0272768
0.0247093
0.0272906
0.0207698
0.0272264
0.0244189
0.0232272
0.0228133
0.0344808
0.0280419
0.0355203
0.0278121
0.0179302
0.0301607
0.0244293
0.0276377
0.0190374
0.0315259
0.0296837
0.0225173
0.0327493
0.0243165
0.0397845
0.0464514
0.0356426
0.0368816
0.054447
0.03002
0.0416828
0.0347268
0.0509428
0.0462406
0.0483782
0.0335969
0.0578703
0.0328772
0.0265208
0.0294569
0.028857
0.0511804
0.0331815
0.0373368
0.0388227
0.0353643
0.0332076
0.033199
0.0345184
0.0368668
0.0348765
0.0442382
0.0407208
0.0278129
0.0367396
0.031916
0.0361032
0.0514713
0.0339193
0.0359316
0.0289763
0.0354175
0.0373939
0.0393058
0.0476492
0.0346106
0.0367418
0.0521827
0.0343674
0.0325709
0.0283699
0.0353567
0.0350986
0.037363
0.0399508
0.035371
0.035863
0.0395357
0.0302278
0.0472508
0.0363007
0.0314654
0.0397134
0.0290437
0.0418238
0.0373262
0.0358068
0.0316959
0.0292526
0.0327052
0.0447497
0.0343447
0.0430824
0.0290823
0.0407533
0.0318601
0.0374288
0.04191
0.0518887
0.0367385
0.0477693
0.0568792
0.0523275
0.0344029
0.0528031
0.0391379
0.0437136
0.0472702
0.0424738
0.0422084
0.0468722
0.0376271
0.0466829
0.0379621
0.0414067
0.0375911
0.0445017
0.0333602
0.0467151
0.0295117
0.0343277
0.0388205
0.0304676
0.0389385
0.0384931
0.0383629
0.050644
0.0660719
0.0526674
0.0468822
0.0353297
0.0421889
0.0416325
0.0399767
0.0323308
0.0431712
0.0399652
0.0552019
0.0535105
0.0399124
0.0307524
0.0445243
0.0525309
0.0359357
0.0418878
0.0520468
0.0328644
0.03474
0.0423345
0.0365744
0.0576461
0.0587728
0.0597833
0.0746141
0.0325819
0.0422328
0.0377799
0.0256422
0.0356883
0.0267481
0.0322853
0.0349765
0.0323316
0.0250593
0.0346841
0.0399508
0.028944
0.0283668
0.029655
0.0316436
0.0259673
0.0250754
0.0262289
0.0290196
0.0270028
0.0209748
0.0332834
0.0268782
0.0249857
0.0303637
0.0319449
0.0265432
0.0246194
0.0294361
0.02832
0.0358049
0.0388811
0.0282245
0.0284511
0.0245088
0.0227315
0.0340306
0.0344277
0.0377375
0.0236372
0.0257045
0.026976
0.0272125
0.0251491
0.0229288
0.0253695
0.0356707
0.024523
0.0290106
0.0224268
0.0278353
0.0260696
0.0263512
0.0330964
0.0309169
0.0363836
0.0454537
0.0373973
0.031645
0.035644
0.0388991
0.0265749
0.0247247
0.0381467
0.0186495
0.0282624
0.0393254
0.0292294
0.0215933
0.0295482
0.0213746
0.0250895
0.0307022
0.030773
0.029452
0.0295787
0.0250189
0.0278858
0.0291188
0.0239172
0.0262804
0.0242179
0.0332457
0.0243361
0.0338043
0.0270805
0.0424929
0.0342422
0.0326738
0.0440374
0.0316575
0.0280871
0.0222905
0.0306811
0.0306825
0.0362708
0.047088
0.0290333
0.0422326
0.0448032
0.0368122
0.035418
0.0388524
0.0319586
0.0268547
0.0364258
0.0324374
0.0326965
0.0395089
0.022724
0.0292111
0.0319761
0.0341753
0.0266384
0.0325148
0.0266795
0.036162
0.0259134
0.0435584
0.0340414
0.0375577
0.0326038
0.0282389
0.0304688
0.0349468
0.0289809
0.0288645
0.034501
0.0349404
0.0284168
0.0320526
0.0277104
0.0257181
0.0382735
0.0302418
0.0357011
0.0212799
0.0304872
0.0293585
0.0268042
0.0303618
0.024326
0.0389611
0.0318874
0.032101
0.0293491
0.0250421
0.0278062
0.031756
0.0280061
0.0324693
0.0303379
0.0311817
0.0352424
0.0270286
0.031786
0.0280638
0.0334026
0.0335062
0.0287241
0.0240485
0.0284833
0.0300228
0.0268724
0.0450744
0.0297722
0.0378459
0.0356253
0.0428167
0.0312862
0.0320854
0.0408758
0.0286014
0.035215
0.028273
0.0370706
0.0419183
0.0362488
0.0537512
0.0371705
0.0233399
0.0384367
0.0403773
0.0392947
0.046702
0.0297861
0.0487473
0.0504991
0.0436073
0.0320241
0.0332683
0.0376863
0.0505758
0.0393487
0.0573142
0.0320215
0.0283089
0.0393864
0.0356205
0.0236783
0.0288977
0.022089
0.0326664
0.0326108
0.034611
0.0236102
0.0270257
0.0194831
0.0384265
0.0305814
0.0284132
0.0238128
0.0346216
0.0306887
0.0239529
0.0185428
0.0293745
0.0231012
0.023691
0.0308774
0.0335473
0.026907
0.0332224
0.0228794
0.028868
0.0327204
0.0290819
0.0328284
0.0347964
0.0306938
0.0371936
0.0235408
0.0368923
0.0344125
0.0290077
0.0347688
0.0257361
0.0316937
0.0323498
0.0314765
0.0318186
0.0243149
0.0258878
0.0353274
0.0267011
0.0331214
0.029219
0.0403202
0.0247616
0.0255716
0.0231663
0.0313844
0.0316671
0.041165
0.0237088
0.0375018
0.037114
0.0324546
0.0330805
0.0287673
0.0270707
0.0338957
0.0484251
0.0344045
0.038684
0.0310321
0.0305127
0.0450383
0.0337964
0.0367115
0.0372688
0.0396099
0.0380056
0.0382854
0.0319745
0.0395682
0.0374392
0.0412681
0.0551813
0.041865
0.0329561
0.035318
0.0354561
0.0375682
0.0406522
0.0348331
0.0354846
0.0344614
0.0296875
0.0475388
0.0483376
0.0387873
0.030775
0.0384509
0.0329716
0.0321239
0.0253209
0.0213387
0.0290426
0.0141478
0.0137128
0.0224098
0.0181886
0.0180837
0.0206772
0.0177051
0.0200622
0.0154728
0.0213743
0.0204648
0.0254022
0.0139935
0.013614
0.0137724
0.016343
0.0185708
0.0145361
0.0184959
0.0205112
0.0144267
0.0186228
0.0169269
0.0158769
0.0141548
0.0139798
0.0202021
0.0133875
0.0166145
0.0132034
0.0226177
0.0167898
0.0147077
0.0149343
0.0138541
0.0169018
0.0156224
0.0168007
0.017161
0.0196888
0.0142332
0.0189815
0.0243851
0.0199288
0.0143285
0.0190766
0.0176786
0.0185352
0.0149747
0.0145871
0.0155844
0.0176769
0.0173903
0.0184111
0.0134277
0.0163083
0.0163398
0.0195178
0.013558
0.0197805
0.017255
0.0173362
0.0158869
0.013806
0.0171259
0.0176942
0.0154157
0.0224412
0.0161693
0.0146514
0.0188216
0.018255
0.0188169
0.016662
0.0173294
0.0199067
0.0176082
0.0187556
0.0194202
0.0178998
0.0153292
0.0226737
0.0217071
0.0231727
0.0264254
0.0366777
0.0401111
0.0245171
0.033828
0.0279538
0.0323714
0.0274731
0.0253321
0.0343542
0.0215892
0.0224861
0.0272477
0.0235509
0.0173066
0.0213349
0.0238711
0.0182846
0.0193923
0.0572302
0.027004
0.0255913
0.0478954
0.0235179
0.0246517
0.0233698
0.0204906
0.0268801
0.0340587
0.0312793
0.0355482
0.0394118
0.0295064
0.0441635
0.0352912
0.0258161
0.0456749
0.0275601
0.0408117
0.0374171
0.0583299
0.0652205
0.0535437
0.0387015
0.0451964
0.0425662
0.054211
0.0431053
0.0540923
0.0409563
0.062485
0.0460634
0.0369611
0.0315411
0.057296
0.0407074
0.049255
0.0413354
0.0417025
0.0462162
0.0827717
0.074535
0.0457824
0.0584824
0.0547465
0.0423464
0.0493208
0.0422834
0.0510289
0.05599
0.0559551
0.040471
0.055927
0.0300618
0.0386175
0.0358941
0.0314182
0.0288585
0.0277741
0.0392266
0.0329709
0.0404739
0.0378199
0.0391009
0.0455185
0.0453394
0.0330563
0.049096
0.0681809
0.0445765
0.0498799
0.0534648
0.0590047
0.059803
0.0453177
0.052281
0.041457
0.0733043
0.0533339
0.0675177
0.0384575
0.0713255
0.0525255
0.0570373
0.0411957
0.0451371
0.0690817
0.0359664
0.0633388
0.0531252
0.102718
0.0424768
0.0388405
0.0467502
0.0432111
0.0509666
0.0410147
0.0693085
0.0592579
0.0400625
0.0414682
0.0422353
0.0489055
0.0430625
0.0378615
0.0395642
0.0516223
0.0373904
0.0516154
0.0362801
0.0692881
0.0643523
0.0486771
0.0655303
0.0621164
0.06927
0.0775076
0.0414603
0.034788
0.0437724
0.0293849
0.0317598
0.0231631
0.0263439
0.0267152
0.0357436
0.027354
0.0344921
0.0278089
0.0240979
0.0275504
0.0311086
0.0467673
0.0257374
0.0353636
0.0329372
0.033142
0.0392879
0.0465357
0.0301177
0.0239952
0.0261701
0.0289274
0.0669276
0.0320129
0.0243208
0.0368537
0.0328231
0.0398751
0.0519996
0.0351623
0.030488
0.0465005
0.0306369
0.0339686
0.0262363
0.0257685
0.0400815
0.033888
0.0372493
0.0294632
0.0286143
0.0273229
0.0287758
0.0369378
0.0409196
0.0275746
0.0250194
0.0260168
0.0434337
0.0409461
0.0397988
0.0402666
0.0398592
0.0618293
0.0349736
0.032529
0.0389773
0.0358862
0.0365089
0.0343043
0.023747
0.0240888
0.0222382
0.0213302
0.0253993
0.0296721
0.0223714
0.035189
0.0323187
0.021085
0.0209684
0.0323942
0.0492355
0.0474691
0.0795683
0.0426829
0.0421538
0.0372326
0.0869234
0.0430397
0.0451222
0.0562902
0.0337316
0.0390605
0.0413855
0.0396618
0.033285
0.0288773
0.0391349
0.0320166
0.0789981
0.0335193
0.0394677
0.0305627
0.0304496
0.0367218
0.0370627
0.0314251
0.0430659
0.0429737
0.0526098
0.0311162
0.0369564
0.0274906
0.0311984
0.031677
0.0374483
0.0374688
0.0538858
0.0493174
0.0473367
0.0367858
0.033372
0.0403107
0.0350862
0.0376135
0.0390515
0.0586532
0.0384505
0.0459074
0.0378222
0.0393039
0.0465575
0.026919
0.0311805
0.0286134
0.0219596
0.0257604
0.0205781
0.0211629
0.027048
0.0219772
0.0426657
0.0206195
0.0348151
0.0241988
0.0185441
0.0269459
0.0317101
0.0270584
0.0214131
0.0180848
0.0252069
0.0201737
0.0418537
0.0214026
0.0222151
0.0370923
0.0199659
0.0284685
0.0322413
0.0273128
0.0310273
0.0222088
0.02073
0.0212263
0.0354233
0.0320922
0.0303106
0.0223962
0.0209553
0.0289146
0.0319204
0.0256491
0.0265312
0.0215003
0.0249351
0.0408434
0.0511688
0.0282967
0.0208181
0.020877
0.021443
0.0226576
0.0231319
0.0457756
0.0336734
0.0255519
0.0230378
0.0234478
0.0201626
0.0335445
0.033379
0.0278297
0.0274197
0.044874
0.0547289
0.0367536
0.0191034
0.0335494
0.0327806
0.0249312
0.0249766
0.0275618
0.0297285
0.0284834
0.0195498
0.0308225
0.0291733
0.0303628
0.019169
0.0199384
0.0239347
0.0233726
0.0163904
0.0248816
0.0220591
0.0285719
0.0210693
0.015734
0.0298473
0.0259409
0.039035
0.0227192
0.0351219
0.032175
0.0443926
0.0226165
0.0383922
0.0307998
0.0325074
0.0257152
0.0324768
0.0327531
0.0232766
0.0254064
0.0249253
0.0317243
0.0280801
0.0252807
0.0295037
0.0523266
0.026211
0.0292909
0.0516379
0.0316626
0.0383481
0.0332818
0.0200487
0.0272699
0.0311996
0.0313935
0.0236641
0.0220708
0.0274955
0.0343344
0.0201454
0.0233017
0.0223622
0.0291952
0.0441087
0.0237944
0.0247077
0.0232723
0.0605492
0.0351152
0.0323151
0.0327732
0.0337549
0.0310464
0.0269848
0.036744
0.0656746
0.0388489
0.0425722
0.0301481
0.0773345
0.0410227
0.0329899
0.0527279
0.0312311
0.0361605
0.0436761
0.0492192
0.0619054
0.0388901
0.0493746
0.0428568
0.0299212
0.0323529
0.0328804
0.0441156
0.0377425
0.0302979
0.0262952
0.0439418
0.0386749
0.0324456
0.0429918
0.0789547
0.0400489
0.0476075
0.0304616
0.0316235
0.046106
0.0318234
0.0380184
0.0409235
0.0276871
0.0431234
0.0494119
0.029135
0.0345254
0.0402445
0.034952
0.038055
0.0466407
0.0647348
0.0300231
0.0363411
0.032903
0.0302011
0.0406564
0.0534558
0.0364361
0.0297595
0.035797
0.0336873
0.0384403
0.0299349
0.0595387
0.0397445
0.0306361
0.039567
0.0349013
0.0467031
0.0471671
0.0364686
0.0495661
0.0370402
0.0444609
0.0384966
0.0481165
0.0328815
0.0574668
0.036998
0.06612
0.0424954
0.0498619
0.040304
0.0445073
0.0389438
0.0435812
0.0332656
0.0346575
0.0415893
0.0325359
0.0266392
0.0521279
0.0499708
0.031213
0.0374819
0.0337012
0.0279383
0.0298412
0.0332679
0.028733
0.0296319
0.0413487
0.0389979
0.037304
0.0326391
0.0337348
0.035918
0.0682121
0.0630521
0.0318878
0.035364
0.0541207
0.0345376
0.0630138
0.0581946
0.0353014
0.0518194
0.0393711
0.0532363
0.043815
0.0690457
0.0409596
0.0380416
0.0603029
0.0507435
0.044179
0.0762967
0.050822
0.0313516
0.0560317
0.0405125
0.0325087
0.0580502
0.074574
0.0550486
0.0449149
0.0335487
0.091259
0.0778252
0.0374757
0.0347003
0.0621506
0.0551619
0.0595095
0.0996194
0.0463838
0.0338015
0.054269
0.0581204
0.0576707
0.0317924
0.0417611
0.0564171
0.0579247
0.175418
0.22684
0.0706445
0.0670492
0.0695397
0.0697193
0.0633237
0.0783618
0.0753976
0.0615194
0.0493743
0.0524745
0.0562464
0.0560493
0.0579187
0.0611779
0.0578789
0.0580499
0.0608644
0.0494946
0.0589287
0.0624426
0.0826222
0.0767829
0.0887737
0.100478
0.105501
0.0593851
0.0657678
0.0687995
0.0680661
0.0681124
0.0700432
0.0740367
0.0906275
0.0857485
0.0862278
0.0595627
0.0698852
0.057519
0.0661809
0.0693988
0.0946606
0.0752692
0.0730655
0.068057
0.0777433
0.0889006
0.063089
0.0607664
0.0504213
0.0539804
0.064324
0.114109
0.103364
0.0692959
0.0677989
0.0549758
0.0653086
0.0636044
0.0616572
0.0608491
0.0657828
0.0706553
0.0571443
0.0578589
0.0615927
0.0938411
0.0802495
0.0680582
0.0706545
0.0600471
0.065566
0.0621991
0.0698295
0.064754
0.0590859
0.0621301
0.0775099
0.0835889
0.0605909
0.0668611
0.0609552
0.0687173
0.0728036
0.0714845
0.0723568
0.0794187
0.0816335
0.0651247
0.0685379
0.062472
0.0745738
0.0702241
0.0916694
0.0630954
0.0686568
0.072518
0.0800533
0.0775848
0.0769516
0.076858
0.0918858
0.0943047
0.0812319
0.0582211
0.0518282
0.0558422
0.0363029
0.0306254
0.0327117
0.0375215
0.0341378
0.0313415
0.0311572
0.0290559
0.024698
0.029147
0.0316367
0.0362453
0.0347291
0.0325684
0.0275904
0.0261024
0.0223337
0.022286
0.0235009
0.0261955
0.0300465
0.0264996
0.0258697
0.0238346
0.0247064
0.0296915
0.0329666
0.0318182
0.0254505
0.0239254
0.0236242
0.0239857
0.0256613
0.0315729
0.0420835
0.0366849
0.0321453
0.032756
0.0368332
0.0550912
0.0430203
0.0390172
0.0384167
0.036095
0.0526281
0.038099
0.0439938
0.0430746
0.0412688
0.0439596
0.0351554
0.0391268
0.0379001
0.0566728
0.0684819
0.0592882
0.0624397
0.058957
0.0533754
0.0398084
0.0350564
0.0499311
0.046496
0.0452676
0.0441944
0.0424338
0.0546907
0.0457896
0.0500408
0.0461416
0.0501083
0.0434011
0.0408264
0.035172
0.0459836
0.0497394
0.0433513
0.0397893
0.0420747
0.0389883
0.0468024
0.0347214
0.0412052
0.0628384
0.062019
0.0734598
0.0700029
0.06543
0.0655204
0.0711596
0.0753328
0.065486
0.0880471
0.103072
0.0839436
0.0719418
0.0615546
0.0616458
0.0586009
0.0706281
0.0811324
0.0545187
0.0684738
0.0756638
0.0723377
0.0848206
0.0859512
0.0809869
0.0794924
0.0627612
0.0715331
0.0636127
0.0811281
0.0877363
0.0966841
0.0950707
0.0867808
0.064523
0.0710055
0.0793645
0.0652445
0.0628364
0.0637162
0.0587067
0.0700756
0.0723188
0.0852697
0.0794177
0.0833613
0.0834719
0.0856801
0.120251
0.0903284
0.0884101
0.0720982
0.0488482
0.0604311
0.0662755
0.068928
0.0823986
0.0593892
0.0800808
0.0750782
0.086837
0.081624
0.0715851
0.0560015
0.0669413
0.0799667
0.0654925
0.0780497
0.0662221
0.0775596
0.0843016
0.0618793
0.0702194
0.0799794
0.0944813
0.0789211
0.0649344
0.0579107
0.055369
0.0541693
0.0578078
0.0721389
0.0850115
0.0588026
0.0652359
0.0636577
0.0650601
0.0655461
0.109292
0.0656707
0.062313
0.06204
0.0594003
0.0662582
0.0880455
0.0770355
0.080787
0.0655238
0.0565717
0.0610161
0.0566975
0.0528203
0.0654877
0.0685672
0.0518716
0.038687
0.047918
0.0432481
0.0303
0.0368354
0.0308505
0.0438344
0.0620699
0.0424502
0.0497586
0.042533
0.0357009
0.0419809
0.0406279
0.0383923
0.05751
0.0525557
0.052805
0.0497034
0.0473925
0.0310433
0.0586843
0.0663248
0.0560206
0.0561208
0.0743614
0.0789996
0.0512311
0.0443284
0.0521018
0.0385852
0.0388358
0.0518416
0.0485635
0.0649375
0.0635678
0.0877795
0.0801024
0.0511193
0.060451
0.0756582
0.0738701
0.108573
0.0737826
0.0640348
0.0728704
0.107667
0.0738885
0.0908738
0.0838607
0.0708243
0.0814297
0.0839332
0.0926611
0.0699448
0.0859826
0.0908927
0.0875749
0.0684293
0.0878509
0.0750121
0.086906
0.0767583
0.0506578
0.0430699
0.053858
0.0634201
0.0431526
0.0546248
0.053297
0.0566139
0.0476415
0.0421794
0.0459544
0.0461246
0.0441699
0.0578187
0.0578436
0.0468927
0.0611182
0.0601107
0.0518024
0.0416107
0.0508143
0.0449229
0.037349
0.0545218
0.0427314
0.0351175
0.0359094
0.0352944
0.0359361
0.0373675
0.0472767
0.0358033
0.0335282
0.0401196
0.0371709
0.0465021
0.0444366
0.0402288
0.0373184
0.0320043
0.0464409
0.0408037
0.0355814
0.0414198
0.044259
0.0551971
0.039725
0.0377541
0.0403711
0.0344299
0.0627454
0.0623689
0.0756343
0.0893495
0.0590621
0.118848
0.125421
0.0830796
0.132506
0.115409
0.0904067
0.107879
0.109777
0.075157
0.0697091
0.0684
0.0942913
0.094518
0.0926074
0.0545669
0.0713732
0.0817805
0.0916037
0.0923878
0.0948812
0.068201
0.0752096
0.0551739
0.0647063
0.0619637
0.0607495
0.0622853
0.0891801
0.0903112
0.071719
0.0632927
0.0661702
0.067795
0.0763511
0.0725886
0.0557762
0.0623138
0.0661459
0.0555338
0.0543021
0.0612357
0.0565501
0.0593349
0.0609514
0.062711
0.0540155
0.066496
0.069567
0.0732731
0.128487
0.0725566
0.0919535
0.101742
0.0890572
0.0696928
0.0557517
0.068251
0.0757068
0.0794331
0.0870967
0.0973649
0.0853285
0.096086
0.0863503
0.0999193
0.0937687
0.0926545
0.0904086
0.111483
0.076883
0.104693
0.0866748
0.089068
0.0756192
0.0869958
0.0935768
0.0886868
0.0702679
0.0800045
0.0470667
0.0588492
0.0505578
0.0603353
0.0576513
0.0507168
0.0569689
0.0539065
0.0658661
0.0626406
0.0673549
0.0649563
0.0583773
0.0624554
0.0760278
0.0707323
0.0802421
0.0927655
0.0754275
0.0584689
0.0710384
0.0619907
0.0671218
0.0634398
0.068964
0.0667723
0.0595188
0.0713002
0.0528965
0.0531831
0.0782131
0.0818139
0.068144
0.0849399
0.0702479
0.0698822
0.0986901
0.0838694
0.0977065
0.0906411
0.098161
0.0957819
0.0964629
0.110053
0.116461
0.110909
0.101536
0.0948139
0.0926132
0.108286
0.114293
0.0949347
0.0782258
0.0915201
0.100771
0.0808522
0.0870962
0.0845047
0.0897192
0.110661
0.101252
0.0842239
0.0733541
0.0750736
0.0856716
0.0655403
0.0869881
0.0681716
0.0839895
0.0797099
0.0907082
0.0768551
0.075107
0.0819175
0.0811359
0.0656585
0.0910359
0.0991095
0.0775946
0.0700274
0.091308
0.0705543
0.0758151
0.0880021
0.0746036
0.080544
0.0648815
0.0759332
0.096604
0.0851027
0.0982048
0.0955904
0.0783463
0.0996063
0.0515471
0.0398332
0.034008
0.0370016
0.0364381
0.0470183
0.0415127
0.0342056
0.0333693
0.0242769
0.028146
0.0382762
0.036507
0.0294734
0.0305814
0.0283235
0.025058
0.0373118
0.0361373
0.0262002
0.030835
0.0266598
0.0233055
0.0283704
0.0395173
0.0543833
0.0323225
0.0313915
0.0247403
0.0254778
0.0506506
0.0284801
0.032158
0.0418442
0.02877
0.0242504
0.0375155
0.0452701
0.0653865
0.0601293
0.065951
0.0687648
0.05061
0.0520355
0.0561734
0.059778
0.0669829
0.0512118
0.0878513
0.0603335
0.0558264
0.0788571
0.0790252
0.117575
0.0934469
0.0725254
0.0510406
0.0842622
0.053065
0.0440573
0.0751677
0.0577032
0.0647982
0.0468035
0.0700281
0.0608656
0.0491348
0.0532539
0.0717525
0.0821568
0.0506151
0.0482735
0.0531959
0.05779
0.0587409
0.0553602
0.0588019
0.0563274
0.0337557
0.0512953
0.0395463
0.0635992
0.0661235
0.059382
0.0716659
0.104302
0.0470113
0.0612396
0.0818705
0.0437723
0.0585025
0.0546554
0.0552574
0.0509036
0.0516349
0.0604275
0.0719314
0.0575469
0.0513836
0.0667049
0.0570851
0.0542385
0.0591668
0.0624119
0.0558518
0.0610737
0.0469946
0.0377541
0.0374342
0.0401633
0.0399144
0.0665772
0.0752349
0.0745291
0.0740761
0.0416949
0.0398504
0.0456613
0.0490496
0.0579956
0.0530165
0.0593613
0.0547113
0.0469736
0.0448478
0.0440433
0.0525978
0.0778452
0.0626952
0.0657879
0.076628
0.066191
0.0499761
0.0575798
0.0430451
0.0913389
0.0930603
0.100391
0.082963
0.0773261
0.0932
0.0754324
0.0835019
0.0946887
0.181414
0.121993
0.109028
0.111262
0.134728
0.0865467
0.0874101
0.101274
0.0977195
0.0910656
0.0701798
0.0971007
0.0699459
0.0620642
0.0403834
0.0401553
0.0378103
0.0478635
0.047086
0.0379929
0.0406794
0.0457886
0.0464437
0.0451322
0.0410873
0.0414232
0.0378946
0.0398613
0.0447025
0.0397714
0.0398376
0.046996
0.0450352
0.0594139
0.0449817
0.0449008
0.0432027
0.0676333
0.0399871
0.0379851
0.0327922
0.040488
0.0521092
0.0420471
0.0389553
0.0385198
0.0392972
0.0420197
0.0388882
0.040724
0.0407906
0.0338769
0.0428703
0.0438239
0.03925
0.0396146
0.0362274
0.0677916
0.0776099
0.0735944
0.0822586
0.0442919
0.0392103
0.0438834
0.0690625
0.0495514
0.0498016
0.0431454
0.0399989
0.0392949
0.0426211
0.047449
0.046519
0.0559546
0.0412668
0.0396177
0.0432595
0.049485
0.0635507
0.0365586
0.0415517
0.0387957
0.0459394
0.0410541
0.0375242
0.035839
0.0420223
0.0483723
0.0644073
0.0658473
0.0744708
0.0631503
0.0689377
0.0629775
0.0703792
0.072448
0.0670156
0.0683985
0.0622589
0.0596579
0.0613046
0.0620812
0.0748591
0.0788692
0.0777646
0.0847495
0.0777516
0.0929724
0.114733
0.0757763
0.0666054
0.0657482
0.0645848
0.0654331
0.0680394
0.0659996
0.07553
0.0949829
0.0603711
0.0660797
0.0697642
0.0739911
0.0767533
0.0615194
0.0680158
0.0636547
0.0680583
0.0813263
0.0708098
0.0661921
0.075018
0.0671965
0.0613363
0.0872325
0.0769786
0.0880859
0.089037
0.0747157
0.0918698
0.062004
0.0606003
0.0746381
0.0633144
0.0649397
0.0659629
0.0686477
0.0717556
0.075312
0.0585241
0.0644288
0.0591797
0.0623101
0.0456864
0.0420729
0.0446912
0.0529617
0.046938
0.0536358
0.0506783
0.0506037
0.0506214
0.0495613
0.0466052
0.0574562
0.0514999
0.0436106
0.0496569
0.0646484
0.051495
0.0522578
0.0400981
0.0529506
0.048243
0.0377166
0.0458431
0.0443562
0.053707
0.0475935
0.0490506
0.041046
0.0455066
0.0476358
0.0408885
0.0568717
0.0481207
0.0478044
0.0502744
0.0505044
0.0369339
0.0610722
0.0611439
0.064896
0.0731641
0.0715719
0.0480084
0.0359213
0.0462798
0.0511464
0.0469199
0.0506929
0.0516654
0.0461493
0.0405132
0.0516709
0.0500136
0.0493885
0.0464278
0.048447
0.0353389
0.0512744
0.0655505
0.0710405
0.0680339
0.0704405
0.0727474
0.0711946
0.0708831
0.0632282
0.0721051
0.0661333
0.0727859
0.0806499
0.0910522
0.093361
0.0961248
0.0661158
0.0589502
0.0622577
0.0495165
0.0462041
0.0489686
0.0521506
0.0505107
0.0409403
0.0526247
0.038701
0.0377911
0.0530204
0.0484926
0.0430424
0.052246
0.0378973
0.0436316
0.0433352
0.0370033
0.0504467
0.0581621
0.051441
0.0518833
0.046834
0.0472338
0.0373953
0.05712
0.0555199
0.0485339
0.057131
